1	2.32441e-05
2	6.9936e-05
4	2.40272e-05
8	2.37909e-05
9	2.3068e-05
11	4.84563e-05
14	2.46616e-05
15	2.2787e-05
18	4.6312e-05
29	2.26714e-05
34	2.45477e-05
37	2.41025e-05
39	2.30435e-05
40	2.36801e-05
41	2.40749e-05
45	2.37828e-05
49	2.42778e-05
55	2.38731e-05
56	4.59807e-05
58	2.2735e-05
59	2.39102e-05
69	2.41612e-05
78	2.27332e-05
82	2.27521e-05
90	2.36482e-05
100	2.4714e-05
102	2.41243e-05
103	2.48667e-05
105	2.34467e-05
108	2.41531e-05
135	2.47777e-05
139	4.54438e-05
143	2.43904e-05
199	2.31857e-05
207	2.39003e-05
379	2.49414e-05
382	2.3765e-05
384	4.70792e-05
385	2.47896e-05
390	2.39901e-05
403	4.75639e-05
404	4.54948e-05
405	2.48658e-05
406	4.76202e-05
410	2.26479e-05
411	2.34729e-05
412	2.29508e-05
413	4.87607e-05
415	6.95642e-05
416	4.58334e-05
418	4.59461e-05
419	2.48509e-05
420	7.06434e-05
422	6.89634e-05
423	2.4509e-05
424	0.00012308
425	7.09005e-05
426	9.5774e-05
427	0.000139977
428	2.2727e-05
429	0.000121029
430	0.000140356
431	9.9751e-05
432	7.46344e-05
433	4.93204e-05
434	9.77429e-05
435	9.36682e-05
436	0.000123097
437	4.82882e-05
438	2.48397e-05
439	2.28634e-05
440	0.000144404
441	0.000143533
442	0.000141377
443	7.2318e-05
444	7.44572e-05
445	9.15826e-05
446	9.18816e-05
447	9.68679e-05
448	0.00012286
449	0.000123948
450	9.05244e-05
451	0.000182854
452	0.00011497
453	0.000215076
454	0.000339342
455	0.000217233
456	0.000197797
457	0.000337286
458	0.000292685
459	0.000366694
460	0.000281335
461	0.000297088
462	0.000303954
463	0.000196427
464	0.000339915
465	0.000222539
466	0.000474172
467	0.000183625
468	0.000253452
469	0.000457506
470	0.000191283
471	0.000348279
472	0.0003759
473	0.000444229
474	0.000423888
475	0.000368323
476	0.000344497
477	0.000420573
478	0.000316198
479	0.000417891
480	0.000532676
481	0.000460891
482	0.000347942
483	0.000459028
484	0.000362795
485	0.0003215
486	0.000306116
487	0.000327888
488	0.00057448
489	0.000353057
490	0.000367129
491	0.000549902
492	0.000506199
493	0.000596844
494	0.000552926
495	0.000457233
496	0.000520117
497	0.000612133
498	0.000670931
499	0.000683926
500	0.000574091
501	0.000709528
502	0.000952685
503	0.000771627
504	0.000717731
505	0.000656802
506	0.00065959
507	0.00068273
508	0.0012514
509	0.000815479
510	0.000791578
511	0.000735315
512	0.00075092
513	0.000743065
514	0.000942984
515	0.00084345
516	0.00101536
517	0.00086215
518	0.000824284
519	0.00075039
520	0.000731015
521	0.000802844
522	0.000739656
523	0.00109908
524	0.0011058
525	0.000932701
526	0.0010684
527	0.00107119
528	0.000996122
529	0.00108488
530	0.000974084
531	0.00108769
532	0.00081619
533	0.0012909
534	0.00102868
535	0.00137292
536	0.00115617
537	0.000994044
538	0.00117316
539	0.00136979
540	0.0010702
541	0.00115224
542	0.00168366
543	0.00122518
544	0.00123958
545	0.0011015
546	0.00120999
547	0.00130215
548	0.00131067
549	0.00154605
550	0.00146826
551	0.00135555
552	0.00149256
553	0.00133199
554	0.00137351
555	0.00131047
556	0.00151813
557	0.00148526
558	0.00182611
559	0.00137532
560	0.00118461
561	0.00142082
562	0.00156631
563	0.00150467
564	0.00131769
565	0.00177065
566	0.00129881
567	0.00160454
568	0.00140411
569	0.00146624
570	0.00119886
571	0.00131102
572	0.00162629
573	0.00128317
574	0.00120175
575	0.00149096
576	0.00126848
577	0.00159537
578	0.00151574
579	0.00139764
580	0.00123688
581	0.00186886
582	0.00150656
583	0.00123506
584	0.00122134
585	0.00153026
586	0.00127342
587	0.00190644
588	0.00139037
589	0.0013746
590	0.00130971
591	0.00160926
592	0.00153878
593	0.00125254
594	0.00157799
595	0.00166811
596	0.00194137
597	0.00150138
598	0.00168586
599	0.00166948
600	0.00179634
601	0.00143737
602	0.00164924
603	0.00142785
604	0.00141731
605	0.00135738
606	0.00145409
607	0.00139118
608	0.00161026
609	0.00141885
610	0.00128736
611	0.00186058
612	0.00127525
613	0.00147198
614	0.00167762
615	0.00144829
616	0.00133894
617	0.00165004
618	0.00149914
619	0.00175402
620	0.00133865
621	0.00137029
622	0.00179772
623	0.00161774
624	0.00165794
625	0.00160402
626	0.00128351
627	0.001573
628	0.00194893
629	0.00189247
630	0.00165654
631	0.00144486
632	0.00139298
633	0.0017394
634	0.00154724
635	0.00158533
636	0.00183183
637	0.00133177
638	0.00153341
639	0.00208223
640	0.000999964
641	0.00170033
642	0.00150119
643	0.00182919
644	0.00153662
645	0.00169782
646	0.00163898
647	0.00228291
648	0.00193057
649	0.00159878
650	0.00148203
651	0.00149876
652	0.00146919
653	0.00172246
654	0.00145835
655	0.00149493
656	0.00138507
657	0.00160565
658	0.00154677
659	0.00146318
660	0.00177062
661	0.00125746
662	0.00139006
663	0.00146652
664	0.00128354
665	0.00152334
666	0.00155557
667	0.00134554
668	0.0014971
669	0.00181595
670	0.00127666
671	0.00136286
672	0.00165709
673	0.00189961
674	0.00148937
675	0.00176261
676	0.00177941
677	0.00135545
678	0.00141661
679	0.00137822
680	0.00150139
681	0.00183586
682	0.00161856
683	0.00162079
684	0.00135871
685	0.00161559
686	0.0018785
687	0.00151851
688	0.00141801
689	0.00148151
690	0.00133034
691	0.00139233
692	0.00150527
693	0.00156281
694	0.00136264
695	0.00174381
696	0.0020516
697	0.00183057
698	0.00189013
699	0.00157069
700	0.00136585
701	0.00153646
702	0.00142218
703	0.0012851
704	0.00149488
705	0.00158944
706	0.00151896
707	0.0014919
708	0.00160492
709	0.00154945
710	0.00192439
711	0.00150048
712	0.00139882
713	0.00168867
714	0.0014003
715	0.00154149
716	0.00163641
717	0.00140497
718	0.00185735
719	0.00124927
720	0.00166373
721	0.00171534
722	0.00172002
723	0.00175511
724	0.00142925
725	0.00125546
726	0.00182183
727	0.00163549
728	0.00188616
729	0.00146608
730	0.00146714
731	0.00146729
732	0.00153387
733	0.00168324
734	0.00133099
735	0.00178162
736	0.00180811
737	0.00152431
738	0.0016649
739	0.00210807
740	0.00197355
741	0.00170684
742	0.00174529
743	0.00173248
744	0.00179118
745	0.0017199
746	0.00183984
747	0.00150449
748	0.00140283
749	0.00171004
750	0.00135515
751	0.00175995
752	0.00144433
753	0.00191817
754	0.00146872
755	0.00173573
756	0.00167881
757	0.00162666
758	0.00182505
759	0.001891
760	0.00178308
761	0.00138108
762	0.00202258
763	0.00187201
764	0.0013433
765	0.0019798
766	0.0017231
767	0.00166478
768	0.00162284
769	0.00189917
770	0.0013359
771	0.00141903
772	0.0010546
773	0.00128356
774	0.00144424
775	0.0019145
776	0.00135893
777	0.00178775
778	0.00188046
779	0.0017924
780	0.0016507
781	0.00176808
782	0.00162248
783	0.00171457
784	0.00130035
785	0.00168293
786	0.00163372
787	0.00148691
788	0.00148378
789	0.00164974
790	0.00161006
791	0.00120748
792	0.00151946
793	0.00141479
794	0.00146083
795	0.00166481
796	0.00145629
797	0.00140562
798	0.00152411
799	0.00169933
800	0.00192901
801	0.00144201
802	0.00156665
803	0.00153079
804	0.00147195
805	0.00155125
806	0.0016302
807	0.00164159
808	0.00134381
809	0.00150195
810	0.00159777
811	0.00164049
812	0.00171471
813	0.00119778
814	0.0016166
815	0.00114182
816	0.00158251
817	0.00127407
818	0.0010813
819	0.0015717
820	0.00156013
821	0.00133328
822	0.00161833
823	0.00153559
824	0.00123121
825	0.00150057
826	0.0014772
827	0.00145825
828	0.00119653
829	0.00121767
830	0.0016298
831	0.00140927
832	0.00116042
833	0.00164071
834	0.00156955
835	0.0011538
836	0.00174982
837	0.00129525
838	0.00141887
839	0.00149196
840	0.00117879
841	0.00147487
842	0.00154643
843	0.00139437
844	0.00133876
845	0.00132988
846	0.00154347
847	0.0017745
848	0.00120409
849	0.00179406
850	0.00179574
851	0.00192049
852	0.00165948
853	0.00181399
854	0.0017803
855	0.00194684
856	0.00166115
857	0.00154119
858	0.00130418
859	0.0013892
860	0.00166173
861	0.00156552
862	0.00147922
863	0.00135873
864	0.00158206
865	0.00143744
866	0.00112999
867	0.00182738
868	0.00169212
869	0.0019262
870	0.00150509
871	0.00193552
872	0.0021177
873	0.00154316
874	0.00168705
875	0.00193729
876	0.0016848
877	0.00171811
878	0.00156175
879	0.00170067
880	0.00189278
881	0.00191273
882	0.00136403
883	0.0020688
884	0.00149637
885	0.00146434
886	0.00159171
887	0.00133221
888	0.00156182
889	0.00159524
890	0.00152276
891	0.00146515
892	0.00144491
893	0.00162229
894	0.00111803
895	0.00147574
896	0.00129218
897	0.00172659
898	0.00147213
899	0.00126997
900	0.00144699
901	0.00173941
902	0.00180486
903	0.00144102
904	0.00148018
905	0.00144806
906	0.00116647
907	0.0014678
908	0.00151189
909	0.00162135
910	0.00173658
911	0.00174745
912	0.00141031
913	0.00130112
914	0.00179859
915	0.00153013
916	0.00134357
917	0.00144637
918	0.00129455
919	0.00145858
920	0.00143472
921	0.00174723
922	0.00153856
923	0.00147536
924	0.00120599
925	0.00151977
926	0.00180679
927	0.00118952
928	0.0014849
929	0.00146756
930	0.00133426
931	0.00136283
932	0.00104427
933	0.00137377
934	0.0012515
935	0.00137923
936	0.00124393
937	0.0010588
938	0.00163545
939	0.00110996
940	0.00137828
941	0.00135245
942	0.00122659
943	0.00107409
944	0.00107786
945	0.00129578
946	0.00102115
947	0.00143079
948	0.00127673
949	0.000879948
950	0.00105796
951	0.00100104
952	0.00114812
953	0.000999893
954	0.00114686
955	0.00136616
956	0.00143256
957	0.00128659
958	0.00123373
959	0.000978638
960	0.0013345
961	0.000954381
962	0.000877751
963	0.00107692
964	0.000780259
965	0.000868428
966	0.000874391
967	0.00118804
968	0.00112827
969	0.000929893
970	0.000671313
971	0.00123587
972	0.00102261
973	0.000948009
974	0.00116129
975	0.000965373
976	0.000931628
977	0.000768676
978	0.000918844
979	0.000941072
980	0.000986405
981	0.00104939
982	0.000627922
983	0.000647012
984	0.000796387
985	0.000884097
986	0.000759775
987	0.000770641
988	0.000860132
989	0.000797685
990	0.000917524
991	0.000879705
992	0.00108623
993	0.000844584
994	0.00107571
995	0.000769054
996	0.000813982
997	0.000647299
998	0.000764643
999	0.000880733
1000	0.000820083
1001	0.000838038
1002	0.00046768
1003	0.000789181
1004	0.000587559
1005	0.000660563
1006	0.00065424
1007	0.000610736
1008	0.00106279
1009	0.000966125
1010	0.000574749
1011	0.000720067
1012	0.000782181
1013	0.000698012
1014	0.000467062
1015	0.000725371
1016	0.000864263
1017	0.000640163
1018	0.000809965
1019	0.000890236
1020	0.000559558
1021	0.000768895
1022	0.000506698
1023	0.000734277
1024	0.000678293
1025	0.000554606
1026	0.00044407
1027	0.000702028
1028	0.00068142
1029	0.000470334
1030	0.000717853
1031	0.000274394
1032	0.000544329
1033	0.000674484
1034	0.000499291
1035	0.00055443
1036	0.000438678
1037	0.000622997
1038	0.000438164
1039	0.000300404
1040	0.000620622
1041	0.00054645
1042	0.000283169
1043	0.000653271
1044	0.000575936
1045	0.000339622
1046	0.000693379
1047	0.000280616
1048	0.000348849
1049	0.000270226
1050	0.000390229
1051	0.000336624
1052	0.000240748
1053	0.000330913
1054	0.000271516
1055	0.000312788
1056	0.000341273
1057	0.000403636
1058	0.000381558
1059	0.00051773
1060	0.000193151
1061	0.000268563
1062	0.00025573
1063	0.000260733
1064	0.000365229
1065	0.000270854
1066	0.000293819
1067	0.000319662
1068	0.000273996
1069	0.000472765
1070	0.000357412
1071	0.000288308
1072	0.000292482
1073	0.000341759
1074	0.000382303
1075	0.000405024
1076	0.000252469
1077	0.0003331
1078	0.000243646
1079	0.000185717
1080	0.000462049
1081	0.000376398
1082	0.000386321
1083	0.000462053
1084	0.000393072
1085	0.000243589
1086	0.00032368
1087	0.000235231
1088	0.000173662
1089	0.000413553
1090	0.000318217
1091	0.000501792
1092	0.000305926
1093	0.000347273
1094	0.00026085
1095	0.000351924
1096	0.00029604
1097	0.000296954
1098	0.000421831
1099	0.000319774
1100	0.000342559
1101	0.000458691
1102	0.000206547
1103	0.000239693
1104	0.000277167
1105	0.00038744
1106	0.000244908
1107	0.000285705
1108	0.000339657
1109	0.000324528
1110	0.000285012
1111	0.00026029
1112	0.000307049
1113	0.000271251
1114	0.00027126
1115	0.000422543
1116	0.000141794
1117	0.000249452
1118	0.000168775
1119	0.000272059
1120	0.00022123
1121	0.000364309
1122	0.000187646
1123	9.38873e-05
1124	0.000223178
1125	0.000254443
1126	0.000220325
1127	0.000141795
1128	0.000257788
1129	0.000233895
1130	0.000192834
1131	0.000222619
1132	0.00021525
1133	0.000340826
1134	0.00022994
1135	0.000169669
1136	0.000230062
1137	0.000235772
1138	4.94937e-05
1139	0.000174275
1140	0.000185422
1141	0.000250158
1142	0.000255634
1143	0.000138864
1144	0.00014624
1145	0.000190745
1146	0.000224332
1147	0.000138175
1148	0.000147663
1149	0.00014806
1150	0.000174913
1151	0.00021677
1152	0.000122146
1153	0.000186159
1154	0.000113812
1155	0.000174681
1156	0.000170865
1157	9.55131e-05
1158	0.000159989
1159	9.95671e-05
1160	0.000164983
1161	0.00021464
1162	0.000168547
1163	0.000232374
1164	9.861e-05
1165	0.000162493
1166	6.92334e-05
1167	0.00035711
1168	0.000237184
1169	0.000213526
1170	0.000286398
1171	0.000300723
1172	0.000309254
1173	0.00020518
1174	0.000192961
1175	0.000120296
1176	0.000168377
1177	0.000144978
1178	0.000140075
1179	0.000298858
1180	0.000226566
1181	0.000161474
1182	0.000124635
1183	0.000310917
1184	9.65833e-05
1185	0.000233725
1186	0.000302801
1187	0.000160083
1188	0.000123686
1189	0.000205332
1190	0.000122241
1191	0.000186264
1192	0.000114854
1193	0.000117682
1194	0.00011823
1195	0.000123415
1196	9.14661e-05
1197	9.3844e-05
1198	0.0001492
1199	9.78652e-05
1200	0.000144748
1201	9.50124e-05
1202	0.000231585
1203	0.000209169
1204	4.82284e-05
1205	0.000287868
1206	0.000142798
1207	0.000213067
1208	0.000120521
1209	0.000198458
1210	0.000199542
1211	0.000168425
1212	9.45854e-05
1213	9.54494e-05
1214	7.23444e-05
1215	0.00016278
1216	9.48566e-05
1217	0.000217541
1218	0.000267081
1219	6.85724e-05
1220	0.000189453
1221	2.37768e-05
1222	0.000173516
1223	9.51202e-05
1224	7.31433e-05
1225	0.000145032
1226	0.000159477
1227	0.000138355
1228	0.00017238
1229	0.000115559
1230	4.68398e-05
1231	9.16007e-05
1232	0.000144815
1233	7.39045e-05
1234	4.84013e-05
1235	0.000165963
1236	0.000119182
1237	0.000169556
1238	0.000244585
1239	9.19183e-05
1240	0.000121231
1241	0.000158571
1242	9.80011e-05
1243	9.499e-05
1244	0.000148469
1245	4.90168e-05
1246	9.61955e-05
1247	0.000124026
1248	0.000115773
1249	0.000159065
1250	0.000195398
1251	0.000118731
1252	7.15678e-05
1253	7.17153e-05
1254	7.17234e-05
1255	0.000162179
1256	2.27187e-05
1257	6.9214e-05
1258	0.000142196
1259	7.20806e-05
1260	0.000192333
1261	0.000172996
1262	7.01891e-05
1263	0.000255623
1264	7.01671e-05
1265	9.75994e-05
1266	0.00011725
1267	9.29744e-05
1268	6.90411e-05
1269	4.99897e-05
1270	6.8768e-05
1271	4.87956e-05
1272	2.27121e-05
1273	9.41274e-05
1274	4.8098e-05
1275	2.29415e-05
1276	7.07728e-05
1278	4.85472e-05
1279	7.42414e-05
1280	0.000113387
1281	4.79792e-05
1282	2.42253e-05
1283	0.000121748
1285	9.97462e-05
1286	7.10118e-05
1287	9.21129e-05
1288	2.29423e-05
1289	4.9677e-05
1290	7.02291e-05
1292	9.31127e-05
1293	9.97489e-05
1294	4.60377e-05
1296	6.91709e-05
1297	0.000124645
1298	7.3159e-05
1299	4.75161e-05
1301	0.000148405
1302	4.71479e-05
1303	4.93334e-05
1304	4.598e-05
1306	2.43085e-05
1307	4.98445e-05
1308	2.31437e-05
1309	0.00011697
1310	2.32773e-05
1312	2.42109e-05
1313	9.77624e-05
1314	4.80779e-05
1315	4.87906e-05
1316	7.1305e-05
1317	0.000149668
1318	0.000571944
1319	9.65056e-05
1320	4.66632e-05
1321	4.93174e-05
1322	0.000142009
1323	4.93869e-05
1324	4.54631e-05
1326	2.48005e-05
1327	7.1231e-05
1328	4.90497e-05
1329	2.35803e-05
1330	2.47633e-05
1331	4.9207e-05
1333	4.92764e-05
1334	4.62612e-05
1336	4.7182e-05
1337	4.68397e-05
1338	2.40944e-05
1342	2.46813e-05
1343	2.47639e-05
1344	4.99347e-05
1345	2.46758e-05
1346	2.32529e-05
1348	2.41084e-05
1349	2.40385e-05
1351	2.29543e-05
1352	2.42962e-05
1353	4.84899e-05
1354	2.32891e-05
1355	9.67737e-05
1356	2.37486e-05
1357	4.76336e-05
1358	2.46163e-05
1360	2.30079e-05
1361	2.46659e-05
1362	4.65573e-05
1363	4.86572e-05
1364	2.3969e-05
1366	4.5673e-05
1367	2.32221e-05
1368	2.46085e-05
1369	2.3462e-05
1370	2.33889e-05
1373	4.82308e-05
1375	2.28647e-05
1376	2.3277e-05
1380	2.27299e-05
1381	2.45346e-05
1384	4.96074e-05
1386	4.93908e-05
1387	9.36118e-05
1388	2.27808e-05
1389	2.49902e-05
1390	2.32677e-05
1391	4.85686e-05
1392	2.47925e-05
1394	2.3518e-05
1395	2.43866e-05
1396	4.56565e-05
1398	2.42947e-05
1399	2.4298e-05
1400	2.46895e-05
1402	2.43033e-05
1406	4.66969e-05
1409	2.46035e-05
1418	7.32021e-05
1420	2.44289e-05
1422	2.30069e-05
1424	2.48528e-05
1426	2.26248e-05
1429	4.74967e-05
1430	4.92356e-05
1431	2.32756e-05
1432	2.30123e-05
1434	2.30948e-05
1435	2.26916e-05
1436	2.27898e-05
1439	2.37839e-05
