1	2.34089e-05
2	6.97009e-05
4	2.27514e-05
8	2.35938e-05
9	2.29025e-05
11	4.59539e-05
14	2.34278e-05
15	2.28421e-05
18	4.5256e-05
29	2.47071e-05
34	2.32734e-05
37	2.46713e-05
39	2.31859e-05
40	2.35651e-05
41	2.34954e-05
45	2.36329e-05
49	2.28814e-05
55	2.47499e-05
56	4.80756e-05
58	2.49941e-05
59	2.28451e-05
69	2.3472e-05
78	2.29484e-05
82	2.35885e-05
90	2.28447e-05
100	2.48421e-05
102	2.44986e-05
103	2.37497e-05
105	2.38082e-05
108	2.31987e-05
135	2.34894e-05
139	4.8367e-05
143	2.4976e-05
199	2.26887e-05
207	2.39943e-05
379	2.40961e-05
382	2.41175e-05
384	4.86071e-05
385	2.35986e-05
390	2.37669e-05
403	4.70982e-05
404	4.86871e-05
405	2.49248e-05
406	4.70666e-05
410	2.32126e-05
411	2.30847e-05
412	2.43138e-05
413	4.85777e-05
415	6.92339e-05
416	4.70721e-05
418	4.81081e-05
419	2.27909e-05
420	6.90202e-05
422	7.17802e-05
423	2.3729e-05
424	0.00011658
425	7.12406e-05
426	9.39931e-05
427	0.000138388
428	2.45882e-05
429	0.000121602
430	0.000145992
431	9.15705e-05
432	7.39558e-05
433	4.59061e-05
434	9.3131e-05
435	9.66694e-05
436	0.000122344
437	4.77088e-05
438	2.37896e-05
439	2.29378e-05
440	0.000145525
441	0.000148003
442	0.000146651
443	7.00685e-05
444	6.78937e-05
445	9.29614e-05
446	9.22006e-05
447	9.66569e-05
448	0.000123214
449	0.000123429
450	9.56341e-05
451	0.000184598
452	0.000122101
453	0.000209177
454	0.000369518
455	0.000209945
456	0.000187386
457	0.000349872
458	0.000281859
459	0.000365474
460	0.000296564
461	0.00031677
462	0.000303207
463	0.0001844
464	0.000348233
465	0.000212393
466	0.000468314
467	0.000181383
468	0.000257712
469	0.000462542
470	0.00018954
471	0.00032918
472	0.000393574
473	0.000430817
474	0.000400913
475	0.000351197
476	0.000348118
477	0.000424853
478	0.000321005
479	0.000429955
480	0.000526013
481	0.000452128
482	0.000338469
483	0.000468986
484	0.000395262
485	0.000307642
486	0.000302552
487	0.000338892
488	0.000594371
489	0.000363839
490	0.000366011
491	0.000598766
492	0.000544455
493	0.000607744
494	0.000574522
495	0.00049842
496	0.000515893
497	0.000613241
498	0.000657697
499	0.000714872
500	0.000545063
501	0.000715293
502	0.000906159
503	0.000778341
504	0.00070438
505	0.000680611
506	0.000695597
507	0.000716497
508	0.00125228
509	0.000822022
510	0.00084024
511	0.000751582
512	0.00075701
513	0.000700421
514	0.000902895
515	0.000880546
516	0.00100558
517	0.000876962
518	0.000841696
519	0.000728267
520	0.000730166
521	0.000824335
522	0.000735566
523	0.00111717
524	0.00115746
525	0.000921708
526	0.00102485
527	0.00101524
528	0.000927462
529	0.00102782
530	0.0010374
531	0.00103873
532	0.000785901
533	0.00137167
534	0.00112131
535	0.00128802
536	0.00116987
537	0.00104813
538	0.00121978
539	0.00125206
540	0.001125
541	0.00124176
542	0.00167403
543	0.00125871
544	0.00134098
545	0.00109364
546	0.00116774
547	0.00137663
548	0.00137087
549	0.00168484
550	0.00142966
551	0.00136937
552	0.00138896
553	0.00134398
554	0.0013359
555	0.001327
556	0.00153056
557	0.0014775
558	0.00194303
559	0.00145308
560	0.00116684
561	0.00141664
562	0.0015858
563	0.00144441
564	0.00132183
565	0.00176594
566	0.00121231
567	0.00159423
568	0.00134193
569	0.00155805
570	0.00121852
571	0.00136501
572	0.00152913
573	0.00123392
574	0.00126136
575	0.00156533
576	0.00135667
577	0.00151093
578	0.00161755
579	0.00141945
580	0.0012321
581	0.00180197
582	0.0015428
583	0.00117328
584	0.00128916
585	0.00156217
586	0.00127177
587	0.00199321
588	0.00143904
589	0.00137881
590	0.00138679
591	0.00162897
592	0.0015504
593	0.0013104
594	0.0016693
595	0.0017052
596	0.00188215
597	0.00153997
598	0.00159901
599	0.00166685
600	0.00189235
601	0.00141695
602	0.0015788
603	0.0014775
604	0.00147832
605	0.00141164
606	0.00153462
607	0.00131294
608	0.00166675
609	0.00139441
610	0.00125189
611	0.00176472
612	0.00128354
613	0.00142719
614	0.00169787
615	0.00138958
616	0.00136371
617	0.00168922
618	0.00151759
619	0.00189041
620	0.00138252
621	0.00136705
622	0.00171228
623	0.00156222
624	0.00169819
625	0.00165288
626	0.00125635
627	0.00161329
628	0.00182549
629	0.00185872
630	0.00172816
631	0.00149521
632	0.00140662
633	0.0018354
634	0.00150951
635	0.00173903
636	0.00184156
637	0.00129786
638	0.00146816
639	0.00211048
640	0.000986563
641	0.00168448
642	0.00154822
643	0.00192665
644	0.00161999
645	0.00171717
646	0.0016643
647	0.00224743
648	0.0019923
649	0.00161787
650	0.00145867
651	0.00152492
652	0.00145401
653	0.00172063
654	0.00140242
655	0.00154722
656	0.00129064
657	0.00157449
658	0.00164689
659	0.00148043
660	0.00173796
661	0.00120153
662	0.00135477
663	0.00156686
664	0.00122267
665	0.00156208
666	0.00154268
667	0.00136162
668	0.00149528
669	0.00187149
670	0.00131698
671	0.00135307
672	0.00165373
673	0.00190929
674	0.0016217
675	0.00170073
676	0.0018675
677	0.00128942
678	0.00143861
679	0.00148815
680	0.00151562
681	0.00196203
682	0.00162092
683	0.0016447
684	0.00135099
685	0.0015911
686	0.00176769
687	0.00145288
688	0.00153349
689	0.00150997
690	0.00133873
691	0.00136038
692	0.00150543
693	0.00159486
694	0.00129316
695	0.00191728
696	0.00207662
697	0.00175265
698	0.00183117
699	0.00153507
700	0.00133976
701	0.0015179
702	0.00144492
703	0.00128504
704	0.00157948
705	0.00172276
706	0.00152577
707	0.00151176
708	0.00156928
709	0.00156462
710	0.00177201
711	0.0015444
712	0.00148392
713	0.00176221
714	0.00135732
715	0.00155845
716	0.00168273
717	0.00135457
718	0.00181603
719	0.00122931
720	0.00152072
721	0.00170372
722	0.00176803
723	0.00168184
724	0.00149579
725	0.00123096
726	0.00176609
727	0.00165561
728	0.00178408
729	0.00143549
730	0.0015093
731	0.00145979
732	0.00150343
733	0.00178624
734	0.00135032
735	0.00178696
736	0.00184809
737	0.00161127
738	0.00166118
739	0.00216841
740	0.00191384
741	0.00158449
742	0.00174227
743	0.00169399
744	0.00188092
745	0.00172115
746	0.0017196
747	0.00145409
748	0.00135842
749	0.00178899
750	0.00140769
751	0.00174372
752	0.00142543
753	0.00193408
754	0.00143921
755	0.00165256
756	0.00167845
757	0.00158554
758	0.00181558
759	0.00183016
760	0.00172918
761	0.00142011
762	0.00207002
763	0.00187223
764	0.00138212
765	0.00198733
766	0.0018196
767	0.00164147
768	0.00157022
769	0.00182449
770	0.00132959
771	0.00145188
772	0.00105654
773	0.00126173
774	0.00152063
775	0.00193557
776	0.00124506
777	0.00177473
778	0.00187832
779	0.00181503
780	0.0016119
781	0.00181917
782	0.00167139
783	0.00170294
784	0.00129034
785	0.00157165
786	0.00166058
787	0.00143995
788	0.00148156
789	0.00160704
790	0.00157355
791	0.00115834
792	0.00144117
793	0.00141001
794	0.00148895
795	0.00162474
796	0.00138594
797	0.00132784
798	0.0014794
799	0.00178132
800	0.0019175
801	0.00148654
802	0.00162736
803	0.00149381
804	0.00145004
805	0.00156946
806	0.00159262
807	0.00151834
808	0.00128477
809	0.00146202
810	0.00149024
811	0.00165161
812	0.00156662
813	0.00118666
814	0.00167456
815	0.00104793
816	0.00155607
817	0.00121409
818	0.00106875
819	0.00154255
820	0.00148296
821	0.00138557
822	0.00155138
823	0.00153125
824	0.00130569
825	0.00156661
826	0.00149284
827	0.00137836
828	0.00127301
829	0.00130578
830	0.001634
831	0.00142001
832	0.00117329
833	0.00156115
834	0.00146743
835	0.00111662
836	0.0016556
837	0.00128363
838	0.00138059
839	0.00151962
840	0.00126306
841	0.0014277
842	0.00157082
843	0.00149446
844	0.00132214
845	0.00132326
846	0.00166003
847	0.00189598
848	0.001185
849	0.0016671
850	0.00177622
851	0.00194157
852	0.00166408
853	0.00184502
854	0.00177381
855	0.00214018
856	0.00164512
857	0.00167273
858	0.00138342
859	0.00138389
860	0.00163895
861	0.00154409
862	0.00160596
863	0.00141054
864	0.00162184
865	0.0015021
866	0.00108069
867	0.00178523
868	0.00166495
869	0.00201027
870	0.001477
871	0.00188358
872	0.0020309
873	0.00168322
874	0.0017258
875	0.00197507
876	0.00169468
877	0.00173644
878	0.00150247
879	0.00164554
880	0.00185974
881	0.00198812
882	0.00129162
883	0.00215681
884	0.00139749
885	0.00154799
886	0.00165983
887	0.0012824
888	0.00152813
889	0.00153785
890	0.00141649
891	0.00150751
892	0.00152134
893	0.00159187
894	0.00114689
895	0.00146382
896	0.00131422
897	0.0017837
898	0.00141536
899	0.00134665
900	0.00146149
901	0.00164036
902	0.00182903
903	0.00136157
904	0.00147943
905	0.00138147
906	0.0011316
907	0.00141083
908	0.00150226
909	0.00166104
910	0.00170368
911	0.00176056
912	0.00149867
913	0.00128228
914	0.00194673
915	0.00143753
916	0.00126874
917	0.00155339
918	0.0013267
919	0.00145067
920	0.00150303
921	0.00164901
922	0.00157166
923	0.00148183
924	0.00118525
925	0.00149146
926	0.00165799
927	0.00122251
928	0.00148318
929	0.00156794
930	0.0013125
931	0.00141142
932	0.00106674
933	0.00144524
934	0.00135987
935	0.00131045
936	0.00123519
937	0.00106915
938	0.00160116
939	0.00112459
940	0.00128016
941	0.00141951
942	0.00130194
943	0.0010244
944	0.00102022
945	0.00129037
946	0.000961193
947	0.00136404
948	0.00136375
949	0.000919509
950	0.00107068
951	0.00102809
952	0.00119456
953	0.00100961
954	0.00110039
955	0.00134602
956	0.00142593
957	0.00133469
958	0.00116611
959	0.000994968
960	0.00123445
961	0.000972973
962	0.000887319
963	0.00112428
964	0.000784473
965	0.000877924
966	0.000880457
967	0.001209
968	0.00112609
969	0.000930959
970	0.0006459
971	0.00132927
972	0.00102975
973	0.00098699
974	0.00109917
975	0.00104848
976	0.000913745
977	0.000741663
978	0.000838028
979	0.000891559
980	0.00102148
981	0.000977718
982	0.000593519
983	0.000625214
984	0.000834171
985	0.000909312
986	0.0007882
987	0.000804524
988	0.000848001
989	0.000824546
990	0.000908821
991	0.000847962
992	0.00105815
993	0.000861102
994	0.00105775
995	0.000842839
996	0.000823453
997	0.000672342
998	0.000771427
999	0.00089877
1000	0.000793028
1001	0.000848278
1002	0.000479002
1003	0.000777844
1004	0.00060846
1005	0.000657639
1006	0.000639955
1007	0.00065507
1008	0.0010662
1009	0.000933193
1010	0.000585383
1011	0.000690575
1012	0.000742654
1013	0.000714017
1014	0.000499136
1015	0.0007672
1016	0.000936208
1017	0.000592311
1018	0.000840904
1019	0.000900208
1020	0.000540502
1021	0.000746002
1022	0.000501675
1023	0.000739627
1024	0.000656444
1025	0.000545442
1026	0.000437147
1027	0.000683688
1028	0.000710032
1029	0.000462173
1030	0.000724949
1031	0.00027703
1032	0.000548156
1033	0.00068221
1034	0.000496234
1035	0.000578468
1036	0.000439003
1037	0.000622955
1038	0.000433174
1039	0.000318985
1040	0.000639608
1041	0.000564352
1042	0.000279106
1043	0.000652487
1044	0.000600827
1045	0.000336963
1046	0.00073176
1047	0.000286799
1048	0.000318665
1049	0.000253404
1050	0.00039705
1051	0.000320598
1052	0.000231789
1053	0.000328848
1054	0.000256423
1055	0.000314174
1056	0.000338267
1057	0.000424682
1058	0.000370809
1059	0.000509771
1060	0.000189545
1061	0.000252929
1062	0.000273561
1063	0.000267859
1064	0.000340438
1065	0.000269048
1066	0.000295041
1067	0.000317347
1068	0.000279488
1069	0.000478368
1070	0.000339291
1071	0.000280208
1072	0.000295661
1073	0.00032368
1074	0.000382112
1075	0.000407066
1076	0.000248856
1077	0.000333073
1078	0.000233674
1079	0.000198246
1080	0.000434099
1081	0.000374632
1082	0.00037403
1083	0.000430304
1084	0.000362755
1085	0.000247084
1086	0.000294235
1087	0.000242726
1088	0.000172186
1089	0.000385111
1090	0.000305012
1091	0.000481348
1092	0.000301718
1093	0.000327643
1094	0.000270467
1095	0.000366076
1096	0.000307154
1097	0.000288936
1098	0.000438792
1099	0.000324027
1100	0.000332038
1101	0.000454678
1102	0.000210253
1103	0.000237678
1104	0.00027587
1105	0.000389824
1106	0.000245824
1107	0.00027303
1108	0.000346446
1109	0.000327263
1110	0.000291332
1111	0.000252764
1112	0.000323675
1113	0.000252746
1114	0.000271957
1115	0.000404473
1116	0.000139421
1117	0.000241672
1118	0.00016883
1119	0.000274851
1120	0.000205039
1121	0.00035563
1122	0.000183375
1123	9.53681e-05
1124	0.000212381
1125	0.000273606
1126	0.000212874
1127	0.000137107
1128	0.000262411
1129	0.000243795
1130	0.000195323
1131	0.000208966
1132	0.000220154
1133	0.000325611
1134	0.000233228
1135	0.000174795
1136	0.000227901
1137	0.000237692
1138	4.6824e-05
1139	0.000172988
1140	0.000182511
1141	0.00026153
1142	0.000272458
1143	0.000141314
1144	0.000142373
1145	0.000190574
1146	0.000206789
1147	0.000142967
1148	0.000139564
1149	0.00013893
1150	0.000165528
1151	0.000205798
1152	0.000122342
1153	0.000198586
1154	0.000118186
1155	0.00017007
1156	0.000174424
1157	9.79305e-05
1158	0.000162766
1159	9.57247e-05
1160	0.000174086
1161	0.0002101
1162	0.000159365
1163	0.000228518
1164	9.29311e-05
1165	0.000163089
1166	7.17553e-05
1167	0.000346785
1168	0.000242979
1169	0.000215325
1170	0.000271873
1171	0.00032441
1172	0.00029838
1173	0.000221839
1174	0.000193205
1175	0.000118733
1176	0.000161041
1177	0.000145278
1178	0.000136588
1179	0.000295389
1180	0.000243757
1181	0.00017472
1182	0.000116679
1183	0.000311685
1184	9.29118e-05
1185	0.00023119
1186	0.000295387
1187	0.000171528
1188	0.000114513
1189	0.000206008
1190	0.000118705
1191	0.000193413
1192	0.00012202
1193	0.000114275
1194	0.000123129
1195	0.000113723
1196	9.91473e-05
1197	9.82973e-05
1198	0.000140102
1199	9.93468e-05
1200	0.000137981
1201	9.8566e-05
1202	0.000240755
1203	0.000223186
1204	4.68224e-05
1205	0.000276874
1206	0.00014945
1207	0.000210417
1208	0.000113719
1209	0.000181223
1210	0.000186308
1211	0.000162766
1212	9.14499e-05
1213	9.29029e-05
1214	7.42095e-05
1215	0.000174191
1216	9.08769e-05
1217	0.000222059
1218	0.000262606
1219	7.28587e-05
1220	0.000188829
1221	2.46865e-05
1222	0.000172891
1223	9.07599e-05
1224	7.06162e-05
1225	0.000136169
1226	0.000168462
1227	0.000148729
1228	0.00017152
1229	0.000116339
1230	4.79206e-05
1231	9.7195e-05
1232	0.00014328
1233	7.40298e-05
1234	4.62664e-05
1235	0.000166256
1236	0.000122903
1237	0.000174209
1238	0.000242173
1239	9.94923e-05
1240	0.000119564
1241	0.000162187
1242	9.71214e-05
1243	9.45536e-05
1244	0.000140561
1245	4.53283e-05
1246	9.29502e-05
1247	0.000124827
1248	0.000120831
1249	0.000168274
1250	0.00019608
1251	0.000120483
1252	7.44836e-05
1253	7.19596e-05
1254	6.82646e-05
1255	0.000159836
1256	2.42882e-05
1257	7.18378e-05
1258	0.000149943
1259	7.36566e-05
1260	0.000184524
1261	0.00016474
1262	6.80331e-05
1263	0.000273874
1264	6.81697e-05
1265	9.5815e-05
1266	0.000124209
1267	9.87671e-05
1268	7.44503e-05
1269	4.98216e-05
1270	6.92663e-05
1271	4.70289e-05
1272	2.29617e-05
1273	9.48035e-05
1274	4.7624e-05
1275	2.36391e-05
1276	7.06718e-05
1278	4.66907e-05
1279	7.40497e-05
1280	0.000117796
1281	4.69041e-05
1282	2.31136e-05
1283	0.000119635
1285	9.4394e-05
1286	7.12851e-05
1287	9.30457e-05
1288	2.47626e-05
1289	4.62196e-05
1290	7.10001e-05
1292	9.53425e-05
1293	9.70145e-05
1294	4.56536e-05
1296	7.19943e-05
1297	0.000122189
1298	7.30839e-05
1299	4.82244e-05
1301	0.000146088
1302	4.9317e-05
1303	4.70964e-05
1304	4.92529e-05
1306	2.3263e-05
1307	4.53903e-05
1308	2.45503e-05
1309	0.000124087
1310	2.49112e-05
1312	2.49977e-05
1313	9.82109e-05
1314	4.55925e-05
1315	4.82642e-05
1316	6.92973e-05
1317	0.000138455
1318	0.000521852
1319	9.46735e-05
1320	4.5275e-05
1321	4.63047e-05
1322	0.000140698
1323	4.79503e-05
1324	4.88812e-05
1326	2.34339e-05
1327	7.08742e-05
1328	4.97181e-05
1329	2.43376e-05
1330	2.39958e-05
1331	4.59492e-05
1333	4.73705e-05
1334	4.79645e-05
1336	4.95148e-05
1337	4.95619e-05
1338	2.41648e-05
1342	2.31941e-05
1343	2.49431e-05
1344	4.82658e-05
1345	2.31722e-05
1346	2.37118e-05
1348	2.3264e-05
1349	2.46557e-05
1351	2.26197e-05
1352	2.48563e-05
1353	4.96021e-05
1354	2.38665e-05
1355	9.22651e-05
1356	2.45524e-05
1357	4.79235e-05
1358	2.41165e-05
1360	2.31721e-05
1361	2.47218e-05
1362	4.63981e-05
1363	4.75238e-05
1364	2.49624e-05
1366	4.90938e-05
1367	2.29582e-05
1368	2.42282e-05
1369	2.48364e-05
1370	2.49743e-05
1373	4.82275e-05
1375	2.39945e-05
1376	2.432e-05
1380	2.37652e-05
1381	2.27533e-05
1384	4.62217e-05
1386	4.53447e-05
1387	9.51844e-05
1388	2.36971e-05
1389	2.323e-05
1390	2.40458e-05
1391	4.99766e-05
1392	2.26482e-05
1394	2.40646e-05
1395	2.37685e-05
1396	4.67788e-05
1398	2.33062e-05
1399	2.32677e-05
1400	2.39442e-05
1402	2.44437e-05
1406	4.76754e-05
1409	2.49258e-05
1418	7.30845e-05
1420	2.49315e-05
1422	2.44594e-05
1424	2.28956e-05
1426	2.49303e-05
1429	4.95212e-05
1430	4.8869e-05
1431	2.44094e-05
1432	2.47838e-05
1434	2.30388e-05
1435	2.31196e-05
1436	2.29159e-05
1439	2.35756e-05
