1	2.369451e-05
2	7.210325e-05
4	2.380483e-05
8	2.350744e-05
9	2.390684e-05
11	4.789899e-05
14	2.387210e-05
15	2.370009e-05
18	4.756992e-05
29	2.360986e-05
34	2.379030e-05
37	2.374758e-05
39	2.369062e-05
40	2.409481e-05
41	2.386776e-05
45	2.380007e-05
49	2.372430e-05
55	2.375765e-05
56	4.756171e-05
58	2.384616e-05
59	2.379969e-05
69	2.379116e-05
78	2.375876e-05
82	2.388466e-05
90	2.376279e-05
100	2.437261e-05
102	2.393144e-05
103	2.396365e-05
105	2.356992e-05
108	2.379449e-05
135	2.357795e-05
139	4.721740e-05
143	2.396427e-05
199	2.372813e-05
207	2.397672e-05
379	2.377981e-05
382	2.386773e-05
384	4.707559e-05
385	2.387907e-05
390	2.351154e-05
403	4.752661e-05
404	4.753701e-05
405	2.391551e-05
406	4.793055e-05
410	2.378809e-05
411	2.369198e-05
412	2.382540e-05
413	4.844989e-05
415	7.124848e-05
416	4.742760e-05
418	4.789491e-05
419	2.371421e-05
420	7.047324e-05
422	7.055062e-05
423	2.387239e-05
424	1.183225e-04
425	7.181006e-05
426	9.419409e-05
427	1.430369e-04
428	2.373214e-05
429	1.209981e-04
430	1.432159e-04
431	9.577311e-05
432	7.113884e-05
433	4.739099e-05
434	9.573259e-05
435	9.452064e-05
436	1.203744e-04
437	4.708533e-05
438	2.391418e-05
439	2.396804e-05
440	1.440950e-04
441	1.439201e-04
442	1.421214e-04
443	7.116594e-05
444	7.089665e-05
445	9.492588e-05
446	9.527344e-05
447	9.530794e-05
448	1.198824e-04
449	1.198891e-04
450	9.460734e-05
451	1.893599e-04
452	1.186125e-04
453	2.112414e-04
454	3.519924e-04
455	2.132475e-04
456	1.902709e-04
457	3.334391e-04
458	2.853961e-04
459	3.786078e-04
460	2.855576e-04
461	3.076626e-04
462	3.115503e-04
463	1.888192e-04
464	3.538427e-04
465	2.132195e-04
466	4.511364e-04
467	1.887588e-04
468	2.590819e-04
469	4.695129e-04
470	1.894774e-04
471	3.315311e-04
472	3.824391e-04
473	4.277101e-04
474	4.000689e-04
475	3.579052e-04
476	3.357601e-04
477	4.215389e-04
478	3.111836e-04
479	4.243599e-04
480	5.216987e-04
481	4.541496e-04
482	3.358881e-04
483	4.676121e-04
484	3.838052e-04
485	3.094671e-04
486	3.146594e-04
487	3.331475e-04
488	5.794474e-04
489	3.568674e-04
490	3.533706e-04
491	5.715439e-04
492	5.230866e-04
493	6.015899e-04
494	5.509900e-04
495	4.747917e-04
496	5.268575e-04
497	6.361010e-04
498	6.909869e-04
499	6.917991e-04
500	5.490068e-04
501	6.896073e-04
502	9.287316e-04
503	7.668986e-04
504	7.213624e-04
505	6.959714e-04
506	6.638063e-04
507	7.091212e-04
508	1.250089e-03
509	8.255088e-04
510	8.080351e-04
511	7.469134e-04
512	7.897771e-04
513	7.106543e-04
514	9.045247e-04
515	8.759261e-04
516	1.038408e-03
517	8.993973e-04
518	8.518101e-04
519	7.595774e-04
520	7.345614e-04
521	8.061906e-04
522	7.104716e-04
523	1.141414e-03
524	1.156241e-03
525	9.400424e-04
526	1.041763e-03
527	1.048116e-03
528	9.573919e-04
529	1.029486e-03
530	1.005254e-03
531	1.073318e-03
532	7.919628e-04
533	1.321686e-03
534	1.061842e-03
535	1.326126e-03
536	1.171931e-03
537	1.009263e-03
538	1.207491e-03
539	1.310351e-03
540	1.113414e-03
541	1.173651e-03
542	1.676167e-03
543	1.252371e-03
544	1.297646e-03
545	1.133873e-03
546	1.185551e-03
547	1.328812e-03
548	1.346238e-03
549	1.617779e-03
550	1.419765e-03
551	1.332007e-03
552	1.420120e-03
553	1.318736e-03
554	1.339779e-03
555	1.301553e-03
556	1.506096e-03
557	1.517245e-03
558	1.911858e-03
559	1.406646e-03
560	1.150970e-03
561	1.480641e-03
562	1.584884e-03
563	1.496503e-03
564	1.306392e-03
565	1.741407e-03
566	1.220599e-03
567	1.540078e-03
568	1.394639e-03
569	1.492464e-03
570	1.232189e-03
571	1.357792e-03
572	1.578038e-03
573	1.272918e-03
574	1.243058e-03
575	1.528740e-03
576	1.314203e-03
577	1.578898e-03
578	1.576500e-03
579	1.432384e-03
580	1.263198e-03
581	1.886946e-03
582	1.516235e-03
583	1.228342e-03
584	1.245486e-03
585	1.528000e-03
586	1.313545e-03
587	1.923442e-03
588	1.442473e-03
589	1.326318e-03
590	1.346713e-03
591	1.655286e-03
592	1.570740e-03
593	1.322150e-03
594	1.625181e-03
595	1.674061e-03
596	1.939069e-03
597	1.545539e-03
598	1.629368e-03
599	1.669553e-03
600	1.885688e-03
601	1.401092e-03
602	1.601611e-03
603	1.468512e-03
604	1.459102e-03
605	1.350744e-03
606	1.488795e-03
607	1.369399e-03
608	1.669492e-03
609	1.398376e-03
610	1.275076e-03
611	1.851064e-03
612	1.312148e-03
613	1.456612e-03
614	1.640179e-03
615	1.415318e-03
616	1.338368e-03
617	1.649396e-03
618	1.501414e-03
619	1.853179e-03
620	1.382091e-03
621	1.368417e-03
622	1.776511e-03
623	1.595657e-03
624	1.635514e-03
625	1.625807e-03
626	1.227957e-03
627	1.595991e-03
628	1.852298e-03
629	1.790139e-03
630	1.727817e-03
631	1.488791e-03
632	1.414692e-03
633	1.768165e-03
634	1.504795e-03
635	1.686221e-03
636	1.897289e-03
637	1.296861e-03
638	1.523312e-03
639	2.166050e-03
640	1.012493e-03
641	1.722823e-03
642	1.491363e-03
643	1.906625e-03
644	1.561719e-03
645	1.750307e-03
646	1.624139e-03
647	2.273796e-03
648	1.965006e-03
649	1.665021e-03
650	1.447770e-03
651	1.483721e-03
652	1.425140e-03
653	1.779601e-03
654	1.449762e-03
655	1.498469e-03
656	1.329141e-03
657	1.534266e-03
658	1.573565e-03
659	1.491036e-03
660	1.787152e-03
661	1.250179e-03
662	1.413146e-03
663	1.536064e-03
664	1.242346e-03
665	1.510286e-03
666	1.505856e-03
667	1.362051e-03
668	1.471350e-03
669	1.801821e-03
670	1.343647e-03
671	1.385474e-03
672	1.637606e-03
673	1.859644e-03
674	1.544266e-03
675	1.709165e-03
676	1.795888e-03
677	1.338908e-03
678	1.476861e-03
679	1.412561e-03
680	1.513516e-03
681	1.906559e-03
682	1.682770e-03
683	1.658394e-03
684	1.360053e-03
685	1.586791e-03
686	1.832585e-03
687	1.475664e-03
688	1.462471e-03
689	1.450291e-03
690	1.374229e-03
691	1.364479e-03
692	1.473325e-03
693	1.639359e-03
694	1.335979e-03
695	1.843814e-03
696	2.137339e-03
697	1.801724e-03
698	1.824159e-03
699	1.509303e-03
700	1.362343e-03
701	1.473773e-03
702	1.421581e-03
703	1.241806e-03
704	1.570976e-03
705	1.646860e-03
706	1.582127e-03
707	1.532379e-03
708	1.593832e-03
709	1.514471e-03
710	1.841474e-03
711	1.554173e-03
712	1.445276e-03
713	1.698341e-03
714	1.405781e-03
715	1.561402e-03
716	1.630972e-03
717	1.395595e-03
718	1.866910e-03
719	1.265997e-03
720	1.578427e-03
721	1.722268e-03
722	1.761812e-03
723	1.717529e-03
724	1.428988e-03
725	1.253536e-03
726	1.813242e-03
727	1.651785e-03
728	1.805739e-03
729	1.500834e-03
730	1.509083e-03
731	1.434411e-03
732	1.536932e-03
733	1.726497e-03
734	1.320649e-03
735	1.734163e-03
736	1.773078e-03
737	1.582728e-03
738	1.686633e-03
739	2.224393e-03
740	1.910878e-03
741	1.677211e-03
742	1.792722e-03
743	1.666400e-03
744	1.849119e-03
745	1.677742e-03
746	1.765806e-03
747	1.507724e-03
748	1.352344e-03
749	1.677495e-03
750	1.386631e-03
751	1.807469e-03
752	1.387467e-03
753	1.880397e-03
754	1.495399e-03
755	1.735586e-03
756	1.704837e-03
757	1.676868e-03
758	1.802995e-03
759	1.850564e-03
760	1.759232e-03
761	1.417912e-03
762	2.054217e-03
763	1.783218e-03
764	1.358576e-03
765	1.930669e-03
766	1.786708e-03
767	1.587524e-03
768	1.577996e-03
769	1.850741e-03
770	1.335461e-03
771	1.477401e-03
772	1.094401e-03
773	1.248873e-03
774	1.482424e-03
775	1.896083e-03
776	1.296941e-03
777	1.794504e-03
778	1.881201e-03
779	1.779581e-03
780	1.691351e-03
781	1.741251e-03
782	1.649844e-03
783	1.689729e-03
784	1.326136e-03
785	1.609217e-03
786	1.603859e-03
787	1.488866e-03
788	1.440407e-03
789	1.691296e-03
790	1.530939e-03
791	1.175391e-03
792	1.478045e-03
793	1.375623e-03
794	1.531151e-03
795	1.653614e-03
796	1.443186e-03
797	1.386173e-03
798	1.453984e-03
799	1.713034e-03
800	1.866419e-03
801	1.429486e-03
802	1.633197e-03
803	1.555148e-03
804	1.406774e-03
805	1.547519e-03
806	1.604134e-03
807	1.585964e-03
808	1.345002e-03
809	1.525144e-03
810	1.521631e-03
811	1.636970e-03
812	1.640221e-03
813	1.155957e-03
814	1.587405e-03
815	1.098656e-03
816	1.577629e-03
817	1.228970e-03
818	1.115907e-03
819	1.521883e-03
820	1.509370e-03
821	1.376959e-03
822	1.540696e-03
823	1.556216e-03
824	1.263821e-03
825	1.562196e-03
826	1.508182e-03
827	1.402018e-03
828	1.247658e-03
829	1.285178e-03
830	1.592089e-03
831	1.361213e-03
832	1.171494e-03
833	1.589068e-03
834	1.529106e-03
835	1.163557e-03
836	1.676880e-03
837	1.249426e-03
838	1.425183e-03
839	1.492847e-03
840	1.222599e-03
841	1.440214e-03
842	1.565386e-03
843	1.432111e-03
844	1.328102e-03
845	1.326731e-03
846	1.593776e-03
847	1.815402e-03
848	1.200316e-03
849	1.747721e-03
850	1.824452e-03
851	1.943747e-03
852	1.691895e-03
853	1.813278e-03
854	1.857244e-03
855	2.054349e-03
856	1.601960e-03
857	1.597664e-03
858	1.346708e-03
859	1.341973e-03
860	1.659993e-03
861	1.530543e-03
862	1.532206e-03
863	1.361682e-03
864	1.617486e-03
865	1.495152e-03
866	1.114990e-03
867	1.778951e-03
868	1.635597e-03
869	1.984239e-03
870	1.532471e-03
871	1.859306e-03
872	2.009258e-03
873	1.628855e-03
874	1.674990e-03
875	1.906480e-03
876	1.620726e-03
877	1.668545e-03
878	1.589354e-03
879	1.659409e-03
880	1.906028e-03
881	1.955958e-03
882	1.358015e-03
883	2.095285e-03
884	1.448223e-03
885	1.535936e-03
886	1.600730e-03
887	1.284244e-03
888	1.538650e-03
889	1.569337e-03
890	1.478164e-03
891	1.448695e-03
892	1.479109e-03
893	1.589257e-03
894	1.108376e-03
895	1.491885e-03
896	1.274632e-03
897	1.727764e-03
898	1.403469e-03
899	1.305141e-03
900	1.487108e-03
901	1.662424e-03
902	1.818073e-03
903	1.430651e-03
904	1.485504e-03
905	1.420942e-03
906	1.171994e-03
907	1.447689e-03
908	1.489178e-03
909	1.648135e-03
910	1.762431e-03
911	1.711889e-03
912	1.483292e-03
913	1.316376e-03
914	1.862030e-03
915	1.485569e-03
916	1.258258e-03
917	1.509480e-03
918	1.338239e-03
919	1.424469e-03
920	1.515582e-03
921	1.692989e-03
922	1.502669e-03
923	1.504553e-03
924	1.218919e-03
925	1.548829e-03
926	1.724524e-03
927	1.163396e-03
928	1.500478e-03
929	1.524892e-03
930	1.281667e-03
931	1.376159e-03
932	1.072986e-03
933	1.432318e-03
934	1.321691e-03
935	1.353606e-03
936	1.262186e-03
937	1.084333e-03
938	1.644049e-03
939	1.103924e-03
940	1.337110e-03
941	1.354427e-03
942	1.289063e-03
943	1.039573e-03
944	1.069464e-03
945	1.266948e-03
946	9.816455e-04
947	1.400561e-03
948	1.316844e-03
949	8.932350e-04
950	1.027751e-03
951	1.019249e-03
952	1.185180e-03
953	1.021716e-03
954	1.119426e-03
955	1.374029e-03
956	1.382041e-03
957	1.305392e-03
958	1.181546e-03
959	9.955569e-04
960	1.257029e-03
961	1.007566e-03
962	8.827510e-04
963	1.118036e-03
964	7.573173e-04
965	8.692616e-04
966	8.652991e-04
967	1.195208e-03
968	1.108634e-03
969	9.155246e-04
970	6.599569e-04
971	1.294097e-03
972	1.012116e-03
973	9.707798e-04
974	1.135519e-03
975	1.010330e-03
976	9.266963e-04
977	7.368354e-04
978	8.845811e-04
979	9.062337e-04
980	1.017513e-03
981	1.001025e-03
982	6.212477e-04
983	6.426785e-04
984	8.169894e-04
985	9.323900e-04
986	7.582068e-04
987	8.041486e-04
988	8.320688e-04
989	8.070553e-04
990	9.103115e-04
991	8.768849e-04
992	1.094323e-03
993	8.777229e-04
994	1.073859e-03
995	8.103865e-04
996	7.963296e-04
997	6.384944e-04
998	7.848281e-04
999	8.858817e-04
1000	7.927649e-04
1001	8.643320e-04
1002	4.740884e-04
1003	7.795113e-04
1004	5.978504e-04
1005	6.666186e-04
1006	6.441645e-04
1007	6.478054e-04
1008	1.087946e-03
1009	9.538749e-04
1010	5.938744e-04
1011	6.940238e-04
1012	7.583774e-04
1013	6.912907e-04
1014	4.792858e-04
1015	7.321678e-04
1016	9.055297e-04
1017	6.109332e-04
1018	8.362055e-04
1019	8.850180e-04
1020	5.481988e-04
1021	7.356999e-04
1022	4.939758e-04
1023	7.253879e-04
1024	6.660740e-04
1025	5.653610e-04
1026	4.458886e-04
1027	7.092651e-04
1028	6.940611e-04
1029	4.800062e-04
1030	6.993540e-04
1031	2.837035e-04
1032	5.643423e-04
1033	6.685125e-04
1034	4.983915e-04
1035	5.744054e-04
1036	4.319458e-04
1037	6.139745e-04
1038	4.300958e-04
1039	3.120552e-04
1040	6.302126e-04
1041	5.701255e-04
1042	2.851658e-04
1043	6.578979e-04
1044	5.943562e-04
1045	3.337276e-04
1046	7.109543e-04
1047	2.829553e-04
1048	3.311287e-04
1049	2.617214e-04
1050	3.886621e-04
1051	3.356157e-04
1052	2.372266e-04
1053	3.307061e-04
1054	2.641782e-04
1055	3.138518e-04
1056	3.342709e-04
1057	4.082334e-04
1058	3.836079e-04
1059	5.188654e-04
1060	1.895398e-04
1061	2.638719e-04
1062	2.624909e-04
1063	2.616416e-04
1064	3.539609e-04
1065	2.627220e-04
1066	2.886955e-04
1067	3.353394e-04
1068	2.847574e-04
1069	4.722154e-04
1070	3.534033e-04
1071	2.832621e-04
1072	2.853363e-04
1073	3.329371e-04
1074	3.802001e-04
1075	4.074629e-04
1076	2.573442e-04
1077	3.302931e-04
1078	2.411141e-04
1079	1.916831e-04
1080	4.535231e-04
1081	3.798684e-04
1082	3.796720e-04
1083	4.561942e-04
1084	3.821743e-04
1085	2.381314e-04
1086	3.104505e-04
1087	2.388678e-04
1088	1.652919e-04
1089	4.033010e-04
1090	3.114906e-04
1091	4.950279e-04
1092	3.085306e-04
1093	3.291108e-04
1094	2.608246e-04
1095	3.568263e-04
1096	3.074557e-04
1097	2.845876e-04
1098	4.248791e-04
1099	3.089754e-04
1100	3.310858e-04
1101	4.752971e-04
1102	2.126059e-04
1103	2.371858e-04
1104	2.823602e-04
1105	3.822301e-04
1106	2.406951e-04
1107	2.818691e-04
1108	3.543733e-04
1109	3.322284e-04
1110	2.888704e-04
1111	2.590730e-04
1112	3.122156e-04
1113	2.624263e-04
1114	2.617721e-04
1115	4.080395e-04
1116	1.422661e-04
1117	2.388099e-04
1118	1.680112e-04
1119	2.865016e-04
1120	2.135997e-04
1121	3.556953e-04
1122	1.882710e-04
1123	9.504411e-05
1124	2.133634e-04
1125	2.613644e-04
1126	2.160554e-04
1127	1.404506e-04
1128	2.624216e-04
1129	2.390511e-04
1130	1.909669e-04
1131	2.142153e-04
1132	2.150458e-04
1133	3.348127e-04
1134	2.389804e-04
1135	1.669664e-04
1136	2.395841e-04
1137	2.395709e-04
1138	4.753402e-05
1139	1.688544e-04
1140	1.895196e-04
1141	2.604458e-04
1142	2.606639e-04
1143	1.413327e-04
1144	1.429004e-04
1145	1.923012e-04
1146	2.114789e-04
1147	1.440391e-04
1148	1.419128e-04
1149	1.439879e-04
1150	1.658395e-04
1151	2.161804e-04
1152	1.182659e-04
1153	1.888254e-04
1154	1.183507e-04
1155	1.680196e-04
1156	1.681255e-04
1157	9.381443e-05
1158	1.658351e-04
1159	9.550739e-05
1160	1.660218e-04
1161	2.138060e-04
1162	1.664679e-04
1163	2.362993e-04
1164	9.515288e-05
1165	1.671065e-04
1166	7.162396e-05
1167	3.575092e-04
1168	2.388900e-04
1169	2.127643e-04
1170	2.871689e-04
1171	3.131020e-04
1172	3.104433e-04
1173	2.136178e-04
1174	1.906546e-04
1175	1.198463e-04
1176	1.659789e-04
1177	1.420813e-04
1178	1.415815e-04
1179	3.099240e-04
1180	2.380806e-04
1181	1.683206e-04
1182	1.194903e-04
1183	3.121771e-04
1184	9.481829e-05
1185	2.359196e-04
1186	3.045164e-04
1187	1.665923e-04
1188	1.189238e-04
1189	2.131378e-04
1190	1.195062e-04
1191	1.900873e-04
1192	1.183837e-04
1193	1.186299e-04
1194	1.185246e-04
1195	1.180794e-04
1196	9.489764e-05
1197	9.520186e-05
1198	1.429961e-04
1199	9.547851e-05
1200	1.431657e-04
1201	9.596882e-05
1202	2.380250e-04
1203	2.152261e-04
1204	4.730502e-05
1205	2.856887e-04
1206	1.439946e-04
1207	2.135505e-04
1208	1.174521e-04
1209	1.887476e-04
1210	1.909356e-04
1211	1.642889e-04
1212	9.278851e-05
1213	9.520287e-05
1214	7.208665e-05
1215	1.651626e-04
1216	9.372413e-05
1217	2.135179e-04
1218	2.662456e-04
1219	7.146316e-05
1220	1.903808e-04
1221	2.390899e-05
1222	1.658889e-04
1223	9.450899e-05
1224	7.202589e-05
1225	1.401035e-04
1226	1.654044e-04
1227	1.428350e-04
1228	1.653534e-04
1229	1.177000e-04
1230	4.724894e-05
1231	9.588744e-05
1232	1.440509e-04
1233	7.122201e-05
1234	4.780829e-05
1235	1.658178e-04
1236	1.192011e-04
1237	1.684084e-04
1238	2.384274e-04
1239	9.521557e-05
1240	1.194851e-04
1241	1.645056e-04
1242	9.520866e-05
1243	9.629574e-05
1244	1.415804e-04
1245	4.755265e-05
1246	9.492931e-05
1247	1.202024e-04
1248	1.193345e-04
1249	1.666327e-04
1250	1.929052e-04
1251	1.183793e-04
1252	7.128119e-05
1253	7.131536e-05
1254	7.159172e-05
1255	1.651711e-04
1256	2.405155e-05
1257	7.189864e-05
1258	1.444395e-04
1259	7.135351e-05
1260	1.905068e-04
1261	1.673755e-04
1262	7.153760e-05
1263	2.612192e-04
1264	7.063882e-05
1265	9.514196e-05
1266	1.197697e-04
1267	9.447521e-05
1268	7.184166e-05
1269	4.798915e-05
1270	7.191761e-05
1271	4.757887e-05
1272	2.360787e-05
1273	9.536327e-05
1274	4.769590e-05
1275	2.383559e-05
1276	7.149619e-05
1278	4.749755e-05
1279	7.149109e-05
1280	1.178326e-04
1281	4.773986e-05
1282	2.384471e-05
1283	1.189419e-04
1285	9.551227e-05
1286	7.138306e-05
1287	9.402494e-05
1288	2.353064e-05
1289	4.731039e-05
1290	7.110960e-05
1292	9.454994e-05
1293	9.659896e-05
1294	4.765517e-05
1296	7.203687e-05
1297	1.207042e-04
1298	7.203202e-05
1299	4.749726e-05
1301	1.422951e-04
1302	4.776119e-05
1303	4.720529e-05
1304	4.762173e-05
1306	2.359344e-05
1307	4.797406e-05
1308	2.369880e-05
1309	1.196312e-04
1310	2.398254e-05
1312	2.370361e-05
1313	9.573014e-05
1314	4.767955e-05
1315	4.801042e-05
1316	7.160039e-05
1317	1.429555e-04
1318	5.557800e-04
1319	9.367364e-05
1320	4.736583e-05
1321	4.738205e-05
1322	1.424516e-04
1323	4.796053e-05
1324	4.726629e-05
1326	2.368406e-05
1327	7.134739e-05
1328	4.841080e-05
1329	2.389030e-05
1330	2.389218e-05
1331	4.720793e-05
1333	4.792839e-05
1334	4.779976e-05
1336	4.738308e-05
1337	4.782151e-05
1338	2.398683e-05
1342	2.353464e-05
1343	2.389879e-05
1344	4.807670e-05
1345	2.386384e-05
1346	2.369231e-05
1348	2.386254e-05
1349	2.412491e-05
1351	2.338192e-05
1352	2.397037e-05
1353	4.795400e-05
1354	2.370076e-05
1355	9.561118e-05
1356	2.368824e-05
1357	4.729498e-05
1358	2.408609e-05
1360	2.360706e-05
1361	2.377333e-05
1362	4.760476e-05
1363	4.793071e-05
1364	2.395789e-05
1366	4.759543e-05
1367	2.371729e-05
1368	2.412747e-05
1369	2.404704e-05
1370	2.361088e-05
1373	4.727769e-05
1375	2.354481e-05
1376	2.416821e-05
1380	2.387454e-05
1381	2.368589e-05
1384	4.722267e-05
1386	4.738961e-05
1387	9.516347e-05
1388	2.366322e-05
1389	2.389830e-05
1390	2.363929e-05
1391	4.755034e-05
1392	2.367649e-05
1394	2.367156e-05
1395	2.389575e-05
1396	4.726788e-05
1398	2.378266e-05
1399	2.385119e-05
1400	2.372536e-05
1402	2.373344e-05
1406	4.798825e-05
1409	2.390309e-05
1418	7.175659e-05
1420	2.388566e-05
1422	2.386253e-05
1424	2.390589e-05
1426	2.354769e-05
1429	4.783806e-05
1430	4.826586e-05
1431	2.386501e-05
1432	2.372365e-05
1434	2.340484e-05
1435	2.393680e-05
1436	2.369288e-05
1439	2.387722e-05
