ADPQH
DZIEN 1 188.912 44100
CHART 0.82 0.678889 0.893333 0.482222 0.0111111 0.0688889 0.303333 0.307778 0 0.367778 0 0 0 0.371111 0 0 0 0 0 0 0 0 0 0 0 0.143333 0.254444 2.70778 7.02111 8.88111 22.6596 33.634 47.0098 65.2516 82.9047 97.4003 121.381 140.636 151.337 160.476 176.981 171.666 173.631 159.504 158.121 186.473 180.7 168.136 176.365 199.078 186.17 178.355 192.044 167.42 161.154 148.411 162.612 168.977 184.682 161.547 164.167 165.248 135.689 124.202 112.059 91.7061 86.7261 82.8476 62.3284 45.8957 33.84 28.3679 27.7235 30.7165 32.4256 26.5773 17.8778 16.295 26.0188 19.6506 16.7647 19.0796 19.5282 12.833 9.73222 5.78556 6.84111 7.24444 5.45444 1.68556 2.31444 2.38556 1.94 1.16111 1.93333 12.0333
DZIEN 2 187.706 44100
CHART 0.82 0.678889 0.893333 0.482222 0.0111111 0.0688889 0.303333 0.307778 0 0.367778 0 0 0 0.371111 0 0 0 0 0 0 0 0 0 0 0 0.143333 0.254444 2.70778 7.02111 8.88111 22.8529 33.2118 46.4076 65.1254 83.0155 97.7621 121.792 140.365 152.479 165.365 180.04 171.1 173.942 162.899 155.66 186.486 182.043 168.872 177.708 196.945 184.029 177.929 191.921 164.119 159.563 149.293 161.928 170.803 183.158 159.276 163.086 165.351 136.827 123.718 111.372 90.7426 85.5831 82.9071 62.7037 45.69 33.5757 28.303 27.2994 29.4301 31.5757 26.3153 18.7047 16.3935 24.6762 20.6883 16.5964 19.048 17.6289 16.1026 9.4427 5.87143 6.25556 6.74389 7.49722 2.62833 1.18278 1.92333 1.63667 2.59667 0.247778 1.94205
DZIEN 3 187.798 44100
CHART 0.82 0.678889 0.893333 0.482222 0.0111111 0.0688889 0.303333 0.307778 0 0.367778 0 0 0 0.371111 0 0 0 0 0 0 0 0 0 0 0 0.143333 0.254444 2.70778 7.02111 8.88111 22.844 32.8973 46.1467 65.121 84.0592 96.7534 121.124 139.152 152.546 163.036 179.293 171.808 174.168 160.701 157.443 188.121 180.602 168.556 178.139 199.807 184.004 178.329 189.053 165.292 159.56 148.836 164.168 170.232 184.223 160.906 163.377 165.938 135.819 123.008 111.674 91.2462 87.07 83.8648 61.5444 45.9005 33.773 27.9387 27.2953 30.2904 31.8588 26.0992 18.3163 16.1271 25.8203 19.9724 16.4129 19.5136 19.2486 13.5359 9.48444 5.81333 6.90111 7.00879 6.04454 1.86444 2.11111 1.50667 2.72889 1.05889 0.734444 5.34111
DZIEN 4 187.984 44100
CHART 0.82 0.678889 0.893333 0.482222 0.0111111 0.0688889 0.303333 0.307778 0 0.367778 0 0 0 0.371111 0 0 0 0 0 0 0 0 0 0 0 0.143333 0.254444 2.70778 7.02111 8.88111 22.616 33.1216 46.6984 65.6202 84.5624 96.3174 122.193 140.548 152.634 161.486 177.706 169.182 172.815 158.492 158.274 186.67 180.153 168.609 176.377 199.696 185.43 177.267 189.543 166.289 157.403 149.01 164.892 171.413 183.452 161.932 163.795 165.924 136.852 124.091 111.156 92.533 87.2802 83.8278 62.4595 46.1503 33.9689 28.3157 27.7382 30.3584 32.0279 26.4173 18.2891 16.1552 25.4649 20.0253 16.3882 19.4881 19.1273 14.0342 9.37524 5.80222 6.79778 6.95711 6.48067 1.92333 2.14444 1.37778 2.81111 1.09556 0.765556 4.66556
DZIEN 5 187.262 44100
CHART 0.82 0.678889 0.893333 0.482222 0.0111111 0.0688889 0.303333 0.307778 0 0.367778 0 0 0 0.371111 0 0 0 0 0 0 0 0 0 0 0 0.143333 0.254444 2.70778 7.02111 8.88111 22.7959 32.8716 47.1884 65.6239 85.2775 97.3185 122.397 141.347 152.192 164.068 179.599 169.182 174.006 161.852 158.317 187.76 180.279 168.796 178.922 194.686 185.651 178.468 190.243 165.848 159.083 146.46 164.209 169.839 183.417 160.02 164.626 164.122 136.193 123.722 111.809 91.6811 86.6662 83.3187 61.3638 45.8483 34.4299 27.8911 27.5462 30.7783 32.5702 26.378 17.4686 16.5576 26.9897 19.348 17.5483 18.6437 20.2589 11.6113 10.1883 6.03 6.17222 7.45111 4.63333 2.51556 2.57889 1.77778 1.76 9.27 14.9333 21.3667
DZIEN 6 187.774 44100
CHART 0.82 0.678889 0.893333 0.482222 0.0111111 0.0688889 0.303333 0.307778 0 0.367778 0 0 0 0.371111 0 0 0 0 0 0 0 0 0 0 0 0.143333 0.254444 2.70778 7.02111 8.88111 22.8735 32.8548 46.2816 65.9659 83.5681 96.8237 121.86 139.888 152.151 162.385 177.57 169.834 174.006 159.779 157.965 186.85 180.926 170.552 177.641 198.576 184.817 177.871 189.833 164.982 157.518 147.934 163.738 173.366 184.143 160.007 164.553 166.588 138.11 125.087 112.159 90.7976 86.979 82.9271 61.5218 45.9212 33.6529 28.1279 27.0918 30.2215 32.5975 26.123 18.0412 16.4238 26.1483 19.6429 16.8478 19.1403 19.6514 12.5594 9.89381 5.89778 6.60444 7.38222 5.22556 1.91444 2.3 2.71333 1.59444 1.13111 3.93333 13.9667
DZIEN 7 186.908 44100
CHART 0.82 0.678889 0.893333 0.482222 0.0111111 0.0688889 0.303333 0.307778 0 0.367778 0 0 0 0.371111 0 0 0 0 0 0 0 0 0 0 0 0.143333 0.254444 2.70778 7.02111 8.88111 22.8754 33.3849 46.3038 64.9971 83.9915 97.6365 121.582 140.882 153.499 164.49 178.239 170.419 175.279 159.907 158.197 187.384 179.65 167.626 176.633 196.291 184.638 177 189.701 166.541 158.737 148.312 164.753 170.275 183.449 159.385 164.943 165.388 137.874 123.45 112.156 91.8937 86.8152 83.6356 62.146 46.0337 33.9935 27.9099 26.9779 30.5239 31.9983 25.8972 18.169 16.1326 25.6122 19.8663 16.3511 19.7416 19.2346 13.6505 9.50063 5.78333 6.85667 7.026 6.25067 1.86222 2.12444 1.55889 2.70222 1.25 0.463333 6.23333
DZIEN 8 187.709 44100
CHART 0.82 0.678889 0.893333 0.482222 0.0111111 0.0688889 0.303333 0.307778 0 0.367778 0 0 0 0.371111 0 0 0 0 0 0 0 0 0 0 0 0.143333 0.254444 2.70778 7.02111 8.88111 23.0709 32.9996 46.3691 65.6761 83.5751 96.7372 121.048 139.773 152.529 162.694 178.647 170.794 175.286 162.099 158.989 189.363 179.736 168.469 180.265 197.735 184.318 178.494 190.29 164.995 157.449 146.218 161.891 168.433 182.352 158.836 163.565 166.09 138.421 124.818 111.463 91.102 86.7645 82.7885 63.4825 46.0379 33.9904 28.2967 28.0247 29.9497 32.1703 26.4276 18.7801 16.0897 25.8756 19.9846 16.7262 19.4731 19.303 13.6991 9.50185 5.78394 6.85667 6.82475 6.2397 1.88111 2.11444 1.20667 3.03111 0.96 0.938889 4.00778
DZIEN 9 187.644 44100
CHART 0.82 0.678889 0.893333 0.482222 0.0111111 0.0688889 0.303333 0.307778 0 0.367778 0 0 0 0.371111 0 0 0 0 0 0 0 0 0 0 0 0.143333 0.254444 2.70778 7.02111 8.88111 22.6918 33.5443 46.6058 65.4304 84.9619 96.8195 123.441 141.659 151.915 163.389 178.998 170.01 174.474 162.486 159.456 187.243 179.29 167.8 177.877 196.817 185.938 177.589 190.232 164.584 158.86 145.891 161.687 171.296 182.17 160.876 164.743 164.669 136.792 123.894 111.771 91.7825 87.4617 83.1879 62.1124 45.8582 33.9962 28.7745 27.2926 30.7257 32.5237 26.3279 17.6841 16.4113 26.695 19.7769 17.4858 18.5611 20.0287 11.9327 10.1797 5.87061 6.30333 7.43833 5.00389 2.15667 2.41667 2.36889 1.32778 5.37778 10.9333 19.8
DZIEN 10 187.642 44100
CHART 0.82 0.678889 0.893333 0.482222 0.0111111 0.0688889 0.303333 0.307778 0 0.367778 0 0 0 0.371111 0 0 0 0 0 0 0 0 0 0 0 0.143333 0.254444 2.70778 7.02111 8.88111 22.985 33.2801 46.8793 65.7137 83.4553 96.6731 122.953 140.752 151.774 163.212 177.715 171.025 174.389 161.186 158.451 188.163 180.204 168.597 176.038 197.515 184.464 178.427 190.164 165.1 157.052 148.139 163.402 172.267 184.829 161.163 162.818 165 136.706 124.014 112.294 91.2892 86.8238 83.2484 61.819 46.1157 33.6651 27.9584 26.7623 30.1531 31.5551 25.9367 18.7247 16.064 25.034 20.0974 16.6741 19.3684 18.1161 15.1903 9.43032 5.88111 6.61778 6.57212 6.84141 2.32626 1.47465 1.81889 2.20444 1.77889 0.33 1.92778
DZIEN 11 188.368 44100
CHART 0.82 0.678889 0.893333 0.482222 0.0111111 0.0688889 0.303333 0.307778 0 0.367778 0 0 0 0.371111 0 0 0 0 0 0 0 0 0 0 0 0.143333 0.254444 2.70778 7.02111 8.88111 22.9122 33.2819 46.3481 65.8615 84.7418 97.9069 122.865 140.186 151.373 162.742 177.914 171.073 176.596 162.344 158.311 187.365 181.02 168.658 177.489 197.794 185.744 177.375 192.558 165.506 160.507 146.462 162.724 167.908 181.555 160.198 163.061 164.173 135.524 123.317 111.577 91.885 87.429 83.8455 61.898 46.0922 33.6849 28.2792 27.5059 30.4204 32.1403 25.9503 18.2879 16.2525 26.6985 19.9086 17.0688 18.9682 19.6347 12.5506 10.0383 5.98333 6.47 7.47944 5.11611 1.97111 2.32667 2.71111 1.48556 1.34222 4.93333 14.9333
DZIEN 12 188.591 44100
CHART 0.82 0.678889 0.893333 0.482222 0.0111111 0.0688889 0.303333 0.307778 0 0.367778 0 0 0 0.371111 0 0 0 0 0 0 0 0 0 0 0 0.143333 0.254444 2.70778 7.02111 8.88111 22.6596 33.4632 46.4393 65.574 84.0021 97.0537 120.75 139.671 151.093 163.236 180.117 170.593 174.82 161.701 159.253 186.33 179.711 167.72 175.219 198.743 185.492 178.045 192.084 166.368 158.587 145.999 162.39 168.699 183.703 160.913 165.22 166.141 137.695 125.118 112.063 90.2899 87.0951 83.5989 61.9032 45.9125 33.9197 28.2835 27.1467 30.1807 31.3051 26.5887 18.6771 16.0741 25.5149 20.0607 16.403 19.6226 19.0648 14.0184 9.60571 5.80667 6.85667 6.96111 6.24889 1.88 2.11111 1.50667 2.72889 1.05889 0.734444 5.34111
DZIEN 13 187.439 44100
CHART 0.82 0.678889 0.893333 0.482222 0.0111111 0.0688889 0.303333 0.307778 0 0.367778 0 0 0 0.371111 0 0 0 0 0 0 0 0 0 0 0 0.143333 0.254444 2.70778 7.02111 8.88111 22.6679 33.0805 46.9432 64.5324 83.3761 97.0539 122.508 140.676 152.666 161.937 176.625 171.478 175.198 161.363 159.341 187.073 181.389 168.568 177.775 197.116 184.776 177.002 190.861 166.391 158.271 147.177 161.262 171.419 185.551 160.659 163.257 167.074 134.894 122.855 110.89 91.8522 87.8844 83.1596 62.417 46.3499 33.7417 28.2427 27.4917 30.4405 32.0696 26.548 18.2448 16.1602 26.5184 20.0178 16.7752 19.257 19.5401 12.8675 9.91556 5.83 6.73667 7.26507 5.34382 1.65222 2.31444 2.38556 1.94 1.16111 1.93333 12.0333
DZIEN 14 188.379 44100
CHART 0.82 0.678889 0.893333 0.482222 0.0111111 0.0688889 0.303333 0.307778 0 0.367778 0 0 0 0.371111 0 0 0 0 0 0 0 0 0 0 0 0.143333 0.254444 2.70778 7.02111 8.88111 22.7687 32.8909 46.5314 65.8195 84.4216 96.8154 122.312 140.033 151.868 161.8 175.671 170.879 173.861 160.22 157.833 186.293 179.934 167.87 176.507 198.601 187.93 176.402 190.583 168.185 158.335 150.241 164.538 170.584 184.068 160.737 162.533 165.57 134.875 123.724 111.601 91.7544 87.6446 83.4448 62.6804 45.7217 33.8948 28.3333 27.8467 30.3382 31.6331 26.2539 18.6381 16.018 25.3232 20.1944 16.5072 19.3903 18.4035 14.928 9.17 5.89889 6.76 6.63389 6.82389 2.06556 1.84111 1.64 2.67222 1.20889 0.654444 2.34222
SREDNIA 187.865
